# 6 8 7
0 0 0
1 0 0
2 0 0
3 0 0
4 0 0
5 0 0
0 1 0
1 1 0
4 1 0
5 1 0
0 0 1
3 0 1
5 0 1
0 1 1
5 1 1

# 6 8 9
0 0 0
1 0 0
4 0 0
5 0 0
0 1 0
1 1 0
4 1 0
5 1 0
0 0 1
1 0 1
2 0 1
3 0 1
4 0 1
5 0 1
0 1 1
1 1 1
2 1 1
3 1 1
4 1 1
5 1 1

# 7 6 8
0 0 0
0 1 0
0 2 0
0 3 0
0 4 0
0 5 0
1 0 0
1 4 0
1 5 0
0 0 1
0 1 1
0 4 1
0 5 1
1 0 1
1 1 1
1 2 1
1 5 1

# 9 6 8
0 0 0
0 3 0
0 5 0
1 0 0
1 1 0
1 2 0
1 3 0
1 4 0
1 5 0
0 0 1
0 5 1
1 0 1
1 1 1
1 4 1
1 5 1

# 8 7 6
0 0 0
0 0 1
0 0 4
0 0 5
1 0 0
1 0 1
1 0 2
1 0 3
1 0 4
1 0 5
0 1 0
0 1 5
1 1 0
1 1 5

# 8 9 6
0 0 0
0 0 1
0 0 5
1 0 0
1 0 5
0 1 0
0 1 1
0 1 3
0 1 4
0 1 5
1 1 0
1 1 1
1 1 2
1 1 3
1 1 4
1 1 5

