# 16 25 24
0 0 0
1 0 0
2 0 0
3 0 0
4 0 0
0 0 1
1 0 1
2 0 1
3 0 1
4 0 1
0 1 0
1 1 0
2 1 0
3 1 0
4 1 0
0 1 1
1 1 1
2 1 1
3 1 1
4 1 1
11 0 0
5 1 0
7 1 0
10 1 0
11 1 0
11 0 1
5 1 1
6 1 1
7 1 1
8 1 1
9 1 1
10 1 1
11 1 1
12 0 0
13 0 0
14 0 0
15 0 0
12 0 1
13 0 1
14 0 1
15 0 1
12 1 0
13 1 0
14 1 0
15 1 0
12 1 1
13 1 1
14 1 1
15 1 1

# 16 25 22
0 0 0
1 0 0
2 0 0
3 0 0
4 0 0
0 0 1
1 0 1
2 0 1
3 0 1
4 0 1
0 1 0
1 1 0
2 1 0
3 1 0
4 1 0
0 1 1
1 1 1
2 1 1
3 1 1
4 1 1
11 0 0
5 1 0
10 1 0
11 1 0
8 0 1
11 0 1
5 1 1
6 1 1
7 1 1
8 1 1
9 1 1
10 1 1
11 1 1
12 0 0
13 0 0
14 0 0
15 0 0
12 0 1
13 0 1
14 0 1
15 0 1
12 1 0
13 1 0
14 1 0
15 1 0
12 1 1
13 1 1
14 1 1
15 1 1

# 16 23 24
0 0 0
1 0 0
2 0 0
3 0 0
4 0 0
0 0 1
1 0 1
2 0 1
3 0 1
4 0 1
0 1 0
1 1 0
2 1 0
3 1 0
4 1 0
0 1 1
1 1 1
2 1 1
3 1 1
4 1 1
6 0 0
9 0 0
11 0 0
5 1 0
6 1 0
7 1 0
8 1 0
9 1 0
10 1 0
11 1 0
11 0 1
5 1 1
11 1 1
12 0 0
13 0 0
14 0 0
15 0 0
12 0 1
13 0 1
14 0 1
15 0 1
12 1 0
13 1 0
14 1 0
15 1 0
12 1 1
13 1 1
14 1 1
15 1 1

# 16 23 22
0 0 0
1 0 0
2 0 0
3 0 0
4 0 0
0 0 1
1 0 1
2 0 1
3 0 1
4 0 1
0 1 0
1 1 0
2 1 0
3 1 0
4 1 0
0 1 1
1 1 1
2 1 1
3 1 1
4 1 1
11 0 0
5 1 0
6 1 0
7 1 0
8 1 0
9 1 0
10 1 0
11 1 0
11 0 1
10 1 1
11 1 1
12 0 0
13 0 0
14 0 0
15 0 0
12 0 1
13 0 1
14 0 1
15 0 1
12 1 0
13 1 0
14 1 0
15 1 0
12 1 1
13 1 1
14 1 1
15 1 1

# 16 21 24
0 0 0
1 0 0
2 0 0
3 0 0
4 0 0
0 0 1
1 0 1
2 0 1
3 0 1
4 0 1
0 1 0
1 1 0
2 1 0
3 1 0
4 1 0
0 1 1
1 1 1
2 1 1
3 1 1
4 1 1
5 0 0
6 0 0
7 0 0
8 0 0
9 0 0
10 0 0
11 0 0
5 1 0
6 1 0
7 1 0
8 1 0
9 1 0
10 1 0
11 1 0
5 0 1
6 0 1
7 0 1
8 0 1
9 0 1
10 0 1
11 0 1
5 1 1
6 1 1
7 1 1
8 1 1
9 1 1
10 1 1
11 1 1
12 0 0
13 0 0
14 0 0
15 0 0
12 0 1
13 0 1
14 0 1
15 0 1
12 1 0
13 1 0
14 1 0
15 1 0
12 1 1
13 1 1
14 1 1
15 1 1

# 16 21 22
0 0 0
1 0 0
2 0 0
3 0 0
4 0 0
0 0 1
1 0 1
2 0 1
3 0 1
4 0 1
0 1 0
1 1 0
2 1 0
3 1 0
4 1 0
0 1 1
1 1 1
2 1 1
3 1 1
4 1 1
4 0 0
5 0 0
6 0 0
7 0 0
8 0 0
9 0 0
10 0 0
11 0 0
4 0 1
5 0 1
10 0 1
11 0 1
4 1 0
10 1 0
11 1 0
4 1 1
10 1 1
11 1 1
12 0 0
13 0 0
14 0 0
15 0 0
12 0 1
13 0 1
14 0 1
15 0 1
12 1 0
13 1 0
14 1 0
15 1 0
12 1 1
13 1 1
14 1 1
15 1 1

# 22 16 25
0 0 0
0 1 0
0 2 0
0 3 0
1 0 0
1 1 0
1 2 0
1 3 0
0 0 1
0 1 1
0 2 1
0 3 1
1 0 1
1 1 1
1 2 1
1 3 1
0 4 0
0 7 0
0 8 0
0 9 0
0 11 0
1 4 0
1 8 0
1 9 0
1 11 0
0 4 1
0 5 1
0 6 1
0 7 1
0 8 1
0 9 1
0 10 1
0 11 1
1 4 1
1 5 1
1 8 1
1 9 1
1 10 1
1 11 1
0 12 0
0 13 0
0 14 0
0 15 0
1 12 0
1 13 0
1 14 0
1 15 0
0 12 1
0 13 1
0 14 1
0 15 1
1 12 1
1 13 1
1 14 1
1 15 1

# 24 16 25
0 0 0
0 1 0
0 2 0
0 3 0
1 0 0
1 1 0
1 2 0
1 3 0
0 0 1
0 1 1
0 2 1
0 3 1
1 0 1
1 1 1
1 2 1
1 3 1
0 4 0
0 11 0
1 4 0
1 7 0
1 11 0
0 4 1
0 5 1
0 9 1
0 10 1
0 11 1
1 4 1
1 5 1
1 6 1
1 7 1
1 8 1
1 9 1
1 10 1
1 11 1
0 12 0
0 13 0
0 14 0
0 15 0
1 12 0
1 13 0
1 14 0
1 15 0
0 12 1
0 13 1
0 14 1
0 15 1
1 12 1
1 13 1
1 14 1
1 15 1

# 22 16 23
0 0 0
0 1 0
0 2 0
0 3 0
1 0 0
1 1 0
1 2 0
1 3 0
0 0 1
0 1 1
0 2 1
0 3 1
1 0 1
1 1 1
1 2 1
1 3 1
0 4 0
0 5 0
0 6 0
0 7 0
0 8 0
0 9 0
0 11 0
1 4 0
1 5 0
1 11 0
0 4 1
0 9 1
0 10 1
0 11 1
1 4 1
1 11 1
0 12 0
0 13 0
0 14 0
0 15 0
1 12 0
1 13 0
1 14 0
1 15 0
0 12 1
0 13 1
0 14 1
0 15 1
1 12 1
1 13 1
1 14 1
1 15 1

# 24 16 23
0 0 0
0 1 0
0 2 0
0 3 0
1 0 0
1 1 0
1 2 0
1 3 0
0 0 1
0 1 1
0 2 1
0 3 1
1 0 1
1 1 1
1 2 1
1 3 1
0 4 0
0 5 0
0 8 0
0 11 0
1 4 0
1 5 0
1 6 0
1 7 0
1 8 0
1 9 0
1 11 0
0 4 1
0 10 1
0 11 1
1 4 1
1 9 1
1 10 1
1 11 1
0 12 0
0 13 0
0 14 0
0 15 0
1 12 0
1 13 0
1 14 0
1 15 0
0 12 1
0 13 1
0 14 1
0 15 1
1 12 1
1 13 1
1 14 1
1 15 1

# 22 16 21
0 0 0
0 1 0
0 2 0
0 3 0
1 0 0
1 1 0
1 2 0
1 3 0
0 0 1
0 1 1
0 2 1
0 3 1
1 0 1
1 1 1
1 2 1
1 3 1
0 4 0
0 5 0
0 6 0
0 7 0
0 8 0
0 9 0
0 10 0
0 11 0
1 4 0
1 5 0
1 10 0
1 11 0
0 4 1
0 9 1
0 10 1
0 11 1
1 4 1
1 10 1
1 11 1
0 12 0
0 13 0
0 14 0
0 15 0
1 12 0
1 13 0
1 14 0
1 15 0
0 12 1
0 13 1
0 14 1
0 15 1
1 12 1
1 13 1
1 14 1
1 15 1

# 24 16 21
0 0 0
0 1 0
0 2 0
0 3 0
1 0 0
1 1 0
1 2 0
1 3 0
0 0 1
0 1 1
0 2 1
0 3 1
1 0 1
1 1 1
1 2 1
1 3 1
0 4 0
0 5 0
0 8 0
0 9 0
0 10 0
0 11 0
1 4 0
1 5 0
1 6 0
1 7 0
1 8 0
1 9 0
1 10 0
1 11 0
0 4 1
0 9 1
0 10 1
0 11 1
1 4 1
1 6 1
1 9 1
1 10 1
1 11 1
0 12 0
0 13 0
0 14 0
0 15 0
1 12 0
1 13 0
1 14 0
1 15 0
0 12 1
0 13 1
0 14 1
0 15 1
1 12 1
1 13 1
1 14 1
1 15 1

# 21 24 16
0 0 0
0 0 1
0 0 2
0 0 3
1 0 0
1 0 1
1 0 2
1 0 3
0 1 0
0 1 1
0 1 2
0 1 3
1 1 0
1 1 1
1 1 2
1 1 3
0 0 4
0 0 5
0 0 7
0 0 10
0 0 11
1 0 4
1 0 11
0 1 4
0 1 5
0 1 6
0 1 7
0 1 8
0 1 9
0 1 10
0 1 11
1 1 4
1 1 11
0 0 12
0 0 13
0 0 14
0 0 15
1 0 12
1 0 13
1 0 14
1 0 15
0 1 12
0 1 13
0 1 14
0 1 15
1 1 12
1 1 13
1 1 14
1 1 15

# 23 24 16
0 0 0
0 0 1
0 0 2
0 0 3
1 0 0
1 0 1
1 0 2
1 0 3
0 1 0
0 1 1
0 1 2
0 1 3
1 1 0
1 1 1
1 1 2
1 1 3
0 0 4
0 0 5
0 0 7
0 0 11
1 0 4
1 0 9
1 0 10
1 0 11
0 1 4
0 1 5
0 1 6
0 1 7
0 1 8
0 1 11
1 1 4
1 1 8
1 1 9
1 1 11
0 0 12
0 0 13
0 0 14
0 0 15
1 0 12
1 0 13
1 0 14
1 0 15
0 1 12
0 1 13
0 1 14
0 1 15
1 1 12
1 1 13
1 1 14
1 1 15

# 25 24 16
0 0 0
0 0 1
0 0 2
0 0 3
1 0 0
1 0 1
1 0 2
1 0 3
0 1 0
0 1 1
0 1 2
0 1 3
1 1 0
1 1 1
1 1 2
1 1 3
0 0 4
0 0 9
0 0 11
1 0 4
1 0 5
1 0 9
1 0 10
1 0 11
0 1 4
0 1 9
0 1 11
1 1 4
1 1 5
1 1 6
1 1 7
1 1 8
1 1 9
1 1 10
1 1 11
0 0 12
0 0 13
0 0 14
0 0 15
1 0 12
1 0 13
1 0 14
1 0 15
0 1 12
0 1 13
0 1 14
0 1 15
1 1 12
1 1 13
1 1 14
1 1 15

# 21 22 16
0 0 0
0 0 1
0 0 2
0 0 3
1 0 0
1 0 1
1 0 2
1 0 3
0 1 0
0 1 1
0 1 2
0 1 3
1 1 0
1 1 1
1 1 2
1 1 3
0 0 4
0 0 5
0 0 6
0 0 7
0 0 10
0 0 11
1 0 4
1 0 6
1 0 11
0 1 4
0 1 5
0 1 6
0 1 7
0 1 8
0 1 9
0 1 10
0 1 11
1 1 4
1 1 6
1 1 11
0 0 12
0 0 13
0 0 14
0 0 15
1 0 12
1 0 13
1 0 14
1 0 15
0 1 12
0 1 13
0 1 14
0 1 15
1 1 12
1 1 13
1 1 14
1 1 15

# 23 22 16
0 0 0
0 0 1
0 0 2
0 0 3
1 0 0
1 0 1
1 0 2
1 0 3
0 1 0
0 1 1
0 1 2
0 1 3
1 1 0
1 1 1
1 1 2
1 1 3
0 0 4
0 0 5
0 0 6
0 0 7
0 0 10
0 0 11
1 0 4
1 0 5
1 0 6
1 0 7
1 0 10
1 0 11
0 1 4
0 1 5
0 1 6
0 1 7
0 1 8
0 1 9
0 1 10
0 1 11
1 1 4
1 1 5
1 1 6
1 1 7
1 1 8
1 1 9
1 1 10
1 1 11
0 0 12
0 0 13
0 0 14
0 0 15
1 0 12
1 0 13
1 0 14
1 0 15
0 1 12
0 1 13
0 1 14
0 1 15
1 1 12
1 1 13
1 1 14
1 1 15

# 25 22 16
0 0 0
0 0 1
0 0 2
0 0 3
1 0 0
1 0 1
1 0 2
1 0 3
0 1 0
0 1 1
0 1 2
0 1 3
1 1 0
1 1 1
1 1 2
1 1 3
0 0 4
0 0 11
1 0 4
1 0 5
1 0 10
1 0 11
0 1 4
0 1 6
0 1 11
1 1 4
1 1 5
1 1 6
1 1 7
1 1 8
1 1 9
1 1 10
1 1 11
0 0 12
0 0 13
0 0 14
0 0 15
1 0 12
1 0 13
1 0 14
1 0 15
0 1 12
0 1 13
0 1 14
0 1 15
1 1 12
1 1 13
1 1 14
1 1 15

