# 8 13 12
0 0 0
7 0 0
0 1 0
1 1 0
3 1 0
6 1 0
7 1 0
0 0 1
7 0 1
0 1 1
1 1 1
2 1 1
3 1 1
4 1 1
5 1 1
6 1 1
7 1 1

# 8 13 10
0 0 0
7 0 0
0 1 0
1 1 0
6 1 0
7 1 0
0 0 1
4 0 1
7 0 1
0 1 1
1 1 1
2 1 1
3 1 1
4 1 1
5 1 1
6 1 1
7 1 1

# 8 11 12
0 0 0
2 0 0
5 0 0
7 0 0
0 1 0
1 1 0
2 1 0
3 1 0
4 1 0
5 1 0
6 1 0
7 1 0
0 0 1
7 0 1
0 1 1
1 1 1
7 1 1

# 8 11 10
0 0 0
7 0 0
0 1 0
1 1 0
2 1 0
3 1 0
4 1 0
5 1 0
6 1 0
7 1 0
0 0 1
7 0 1
0 1 1
6 1 1
7 1 1

# 8 9 12
0 0 0
1 0 0
2 0 0
3 0 0
4 0 0
5 0 0
6 0 0
7 0 0
0 1 0
1 1 0
2 1 0
3 1 0
4 1 0
5 1 0
6 1 0
7 1 0
0 0 1
1 0 1
2 0 1
3 0 1
4 0 1
5 0 1
6 0 1
7 0 1
0 1 1
1 1 1
2 1 1
3 1 1
4 1 1
5 1 1
6 1 1
7 1 1

# 8 9 10
0 0 0
1 0 0
2 0 0
3 0 0
4 0 0
5 0 0
6 0 0
7 0 0
0 0 1
1 0 1
6 0 1
7 0 1
0 1 0
6 1 0
7 1 0
0 1 1
6 1 1
7 1 1

# 10 8 13
0 0 0
0 3 0
0 4 0
0 5 0
0 7 0
1 0 0
1 4 0
1 5 0
1 7 0
0 0 1
0 1 1
0 2 1
0 3 1
0 4 1
0 5 1
0 6 1
0 7 1
1 0 1
1 1 1
1 4 1
1 5 1
1 6 1
1 7 1

# 12 8 13
0 0 0
0 7 0
1 0 0
1 3 0
1 7 0
0 0 1
0 1 1
0 5 1
0 6 1
0 7 1
1 0 1
1 1 1
1 2 1
1 3 1
1 4 1
1 5 1
1 6 1
1 7 1

# 10 8 11
0 0 0
0 1 0
0 2 0
0 3 0
0 4 0
0 5 0
0 7 0
1 0 0
1 1 0
1 7 0
0 0 1
0 5 1
0 6 1
0 7 1
1 0 1
1 7 1

# 12 8 11
0 0 0
0 1 0
0 4 0
0 7 0
1 0 0
1 1 0
1 2 0
1 3 0
1 4 0
1 5 0
1 7 0
0 0 1
0 6 1
0 7 1
1 0 1
1 5 1
1 6 1
1 7 1

# 10 8 9
0 0 0
0 1 0
0 2 0
0 3 0
0 4 0
0 5 0
0 6 0
0 7 0
1 0 0
1 1 0
1 6 0
1 7 0
0 0 1
0 5 1
0 6 1
0 7 1
1 0 1
1 6 1
1 7 1

# 12 8 9
0 0 0
0 1 0
0 4 0
0 5 0
0 6 0
0 7 0
1 0 0
1 1 0
1 2 0
1 3 0
1 4 0
1 5 0
1 6 0
1 7 0
0 0 1
0 5 1
0 6 1
0 7 1
1 0 1
1 2 1
1 5 1
1 6 1
1 7 1

# 9 12 8
0 0 0
0 0 1
0 0 3
0 0 6
0 0 7
1 0 0
1 0 7
0 1 0
0 1 1
0 1 2
0 1 3
0 1 4
0 1 5
0 1 6
0 1 7
1 1 0
1 1 7

# 11 12 8
0 0 0
0 0 1
0 0 3
0 0 7
1 0 0
1 0 5
1 0 6
1 0 7
0 1 0
0 1 1
0 1 2
0 1 3
0 1 4
0 1 7
1 1 0
1 1 4
1 1 5
1 1 7

# 13 12 8
0 0 0
0 0 5
0 0 7
1 0 0
1 0 1
1 0 5
1 0 6
1 0 7
0 1 0
0 1 5
0 1 7
1 1 0
1 1 1
1 1 2
1 1 3
1 1 4
1 1 5
1 1 6
1 1 7

# 9 10 8
0 0 0
0 0 1
0 0 2
0 0 3
0 0 6
0 0 7
1 0 0
1 0 2
1 0 7
0 1 0
0 1 1
0 1 2
0 1 3
0 1 4
0 1 5
0 1 6
0 1 7
1 1 0
1 1 2
1 1 7

# 11 10 8
0 0 0
0 0 1
0 0 2
0 0 3
0 0 6
0 0 7
1 0 0
1 0 1
1 0 2
1 0 3
1 0 6
1 0 7
0 1 0
0 1 1
0 1 2
0 1 3
0 1 4
0 1 5
0 1 6
0 1 7
1 1 0
1 1 1
1 1 2
1 1 3
1 1 4
1 1 5
1 1 6
1 1 7

# 13 10 8
0 0 0
0 0 7
1 0 0
1 0 1
1 0 6
1 0 7
0 1 0
0 1 2
0 1 7
1 1 0
1 1 1
1 1 2
1 1 3
1 1 4
1 1 5
1 1 6
1 1 7

